4.809511393209431 8194
1.568318932568295 8196
1.621183615688574 7
1.0306095842591656 4104
1.5029723103779473 12296
1.4574276949119507 16397
1.6031704644031464 16399
1.3116849254207528 18
1.32371873207599 4114
1.1542827343702649 4116
1.1924408412915957 4117
1.2023778483023577 8213
1.3741461123455516 4119
1.3611824697762553 24
1.9238045572837719 4120
2.2197744891735844 8216
1.4428534179628292 12313
1.32371873207599 16409
1.254655146054636 8218
1.621183615688574 16410
1.4428534179628292 12317
1.0930707711839616 32
1.1184910216766113 4129
1.3484611382830198 12321
2.7223649395525107 8226
1.4008285611289615 4131
1.1542827343702649 8227
1.3484611382830198 36
1.8984913394247747 4132
1.6584522045549763 12324
0.9950713227329868 37
1.3484611382830198 41
1.6974746093680362 8234
1.1451217602879604 16426
1.738377612003412 16427
1.738377612003412 4140
1.1098872445867922 8238
1.2332080495408795 4144
1.487477750477142 12337
1.3873590557334885 50
2.186141542367923 12338
1.1730515593193742 12340
1.2438391534162323 16437
1.621183615688574 12342
1.0380240416998772 4152
1.1361050535140398 57
1.3611824697762553 61
2.3653334720702146 16445
2.2197744891735844 16446
1.6031704644031464 12355
1.3359753870026219 71
1.6777365325149174 4168
1.0609216308550222 12360
1.0380240416998772 4170
1.5349504446413076 12364
1.3873590557334885 78
1.1272292327834617 80
1.6777365325149174 4176
2.153512564123627 16466
3.0375861430796407 85
1.2332080495408795 8277
1.5187930715398203 16469
1.1014148228723903 86
2.186141542367923 16470
1.2438391534162323 12375
2.2197744891735844 16471
1.3611824697762553 89
1.2882619803239577 4186
1.0233002964275377 8283
4.372283084735846 12384
1.2882619803239577 8291
1.3873590557334885 16485
1.2998679441106566 4198
1.3359753870026219 16486
1.2124818638343111 4201
1.6031704644031464 8297
1.2227571338668044 107
3.1029105762641467 110
1.5029723103779473 4207
1.2882619803239577 16496
3.069900889282615 113
1.7176826404319387 8305
1.8035667724535394 16498
2.2197744891735844 4211
1.3611824697762553 16501
1.2998679441106566 8310
3.171106413105119 119
3.242367231377148 4215
1.0930707711839616 16503
1.1184910216766113 120
1.6584522045549763 8312
1.4008285611289615 121
1.2227571338668044 4217
1.6031704644031464 8314
1.2998679441106566 4219
2.290243520575921 8315
1.3484611382830198 16510
1.2124818638343111 12416
0.9749009580829948 4225
3.069900889282615 130
1.3741461123455516 16514
1.6584522045549763 132
1.32371873207599 4228
1.4428534179628292 12420
1.26566089294985 16517
1.32371873207599 136
1.8738356077439349 4232
0.8797886694895287 12425
1.1730515593193742 4237
1.254655146054636 8335
1.4428534179628292 4243
1.2998679441106566 12435
2.153512564123627 12436
1.32371873207599 4245
1.6974746093680362 8342
1.3873590557334885 151
1.568318932568295 4247
1.1542827343702649 8344
1.8984913394247747 16536
1.4722994060845203 154
1.2438391534162323 161
1.2227571338668044 4262
1.0767562820618135 169
1.1635914660990567 12459
1.2332080495408795 16555
1.4008285611289615 4268
1.3741461123455516 8364
1.5029723103779473 16556
1.7176826404319387 12462
1.5029723103779473 12463
1.0306095842591656 178
1.254655146054636 4274
1.26566089294985 16563
1.0609216308550222 4276
1.621183615688574 8372
1.3873590557334885 4277
1.0609216308550222 8379
1.568318932568295 189
1.738377612003412 190
1.3116849254207528 4286
1.568318932568295 191
1.6584522045549763 4288
1.5514552881320733 12480
1.487477750477142 12482
1.2998679441106566 8387
1.738377612003412 12483
2.4047556966047154 16584
2.4876783068324646 12491
1.1098872445867922 204
1.5349504446413076 205
1.5029723103779473 12493
2.7223649395525107 206
1.6777365325149174 12495
1.9765115314559287 16592
1.3741461123455516 209
1.6396061567759461 16595
1.4008285611289615 16600
1.621183615688574 219
1.4285677405572572 16603
1.1730515593193742 8412
1.1451217602879604 4318
1.3484611382830198 16608
1.3873590557334885 225
1.2023778483023577 8417
1.4145621744733634 228
0.955532064876045 8421
1.568318932568295 4327
1.6584522045549763 232
1.487477750477142 8426
1.1184910216766113 12523
1.2998679441106566 16619
1.5187930715398203 4333
1.7813005160034912 8430
1.1451217602879604 8431
1.3116849254207528 4337
2.186141542367923 4339
0.9749009580829948 16627
1.5855532065525595 12532
1.568318932568295 8437
1.0609216308550222 12540
2.8857068359256584 12541
2.9148553898239014 16638
1.7595773389790574 16639
1.4574276949119507 4352
2.774718111466977 4353
1.3116849254207528 4354
1.4145621744733634 8451
1.7595773389790574 12552
1.4008285611289615 12553
1.4428534179628292 4364
2.553722863651026 269
1.1635914660990567 16653
1.4574276949119507 271
1.5187930715398203 16655
1.3873590557334885 272
1.1826667360351073 4368
1.487477750477142 8464
1.3359753870026219 273
1.5855532065525595 276
1.6974746093680362 8469
1.4722994060845203 12568
2.64743746415198 4380
1.3873590557334885 8476
1.2124818638343111 8478
1.32371873207599 287
2.8857068359256584 4386
2.6969222765660397 8482
1.4722994060845203 12579
1.1826667360351073 4388
1.4285677405572572 294
1.5855532065525595 16679
1.3116849254207528 12585
0.9950713227329868 8490
1.4145621744733634 300
1.1635914660990567 8492
1.276861431825513 12588
1.8035667724535394 12591
1.4722994060845203 16688
1.3741461123455516 4405
1.6396061567759461 8503
2.553722863651026 12600
1.2227571338668044 4409
1.3484611382830198 12602
1.5029723103779473 315
1.4145621744733634 4411
1.4722994060845203 4412
1.6777365325149174 12604
1.4285677405572572 16701
1.2438391534162323 322
1.26566089294985 8514
1.2227571338668044 4419
1.0930707711839616 8515
1.2998679441106566 16708
1.4145621744733634 4422
1.7595773389790574 16710
2.061219168518331 4423
1.8035667724535394 12615
1.276861431825513 16712
1.3484611382830198 330
1.3359753870026219 12619
1.1272292327834617 16717
1.3873590557334885 12623
1.0380240416998772 16719
1.32371873207599 8528
3.2792123135518922 12625
1.7595773389790574 4434
2.0039630805039317 340
1.3741461123455516 12629
0.9430414496489098 342
2.3271829321981135 12633
1.4722994060845203 4444
2.4047556966047154 4448
1.9630658747793623 12640
1.2332080495408795 16737
1.8738356077439349 8547
2.2028296457447807 12645
1.5349504446413076 8551
2.2544584655669233 4456
1.084852193957014 12649
1.7176826404319387 8555
1.5187930715398203 4460
1.6974746093680362 4463
1.3484611382830198 8559
1.4008285611289615 16751
1.2882619803239577 4465
1.4722994060845203 8561
2.774718111466977 8562
1.1014148228723903 12658
1.3611824697762553 4468
1.6031704644031464 373
1.4145621744733634 4469
1.3873590557334885 12661
1.9765115314559287 8566
1.1272292327834617 12662
1.3484611382830198 8567
1.0609216308550222 12664
2.1218432617100444 16761
1.32371873207599 16762
0.9619022786418859 8573
1.1098872445867922 12670
1.7176826404319387 16766
1.9498019161659896 4481
1.5187930715398203 4484
1.3484611382830198 8580
2.1218432617100444 389
1.487477750477142 8581
1.276861431825513 12677
0.9430414496489098 16774
2.0039630805039317 12682
2.6233698508415055 16778
3.171106413105119 16779
1.568318932568295 399
1.6396061567759461 4496
1.1635914660990567 8592
2.801657122257923 4497
2.2197744891735844 16788
1.2124818638343111 12694
2.0039630805039317 4503
1.0531776773451322 8600
1.738377612003412 8601
1.0089884041698094 12698
1.2124818638343111 16796
1.3611824697762553 12701
1.8984913394247747 4510
1.9498019161659896 12702
1.5349504446413076 8608
2.169704387914028 419
2.5765239606479153 16803
2.6233698508415055 420
1.7176826404319387 8612
1.3741461123455516 12708
1.7813005160034912 16804
1.3484611382830198 4517
2.032187912623708 4519
2.6969222765660397 424
1.4722994060845203 16808
2.8857068359256584 8618
1.2438391534162323 12716
3.2792123135518922 429
1.3741461123455516 16815
1.5187930715398203 8625
2.153512564123627 4530
1.1361050535140398 8627
1.8738356077439349 16819
3.5480002081053157 12724
1.487477750477142 437
1.26566089294985 4533
1.6396061567759461 12725
1.3611824697762553 439
0.9950713227329868 4536
1.3873590557334885 4537
1.8738356077439349 444
1.5349504446413076 448
1.2998679441106566 4545
1.4722994060845203 4546
1.2438391534162323 16834
1.2227571338668044 4547
1.0609216308550222 8644
1.4574276949119507 12740
1.5514552881320733 16837
1.7176826404319387 4550
1.3873590557334885 12743
1.4722994060845203 16840
1.9765115314559287 4553
1.4428534179628292 12746
1.3611824697762553 12748
2.0910919100910563 12749
2.4249637276686222 4558
1.32371873207599 8657
1.3611824697762553 12753
0.9950713227329868 4566
1.5029723103779473 471
2.3271829321981135 472
1.4722994060845203 8664
1.1924408412915957 12760
1.4008285611289615 16856
3.9530230629118575 4569
1.3359753870026219 12761
1.5349504446413076 16857
2.0039630805039317 12767
2.4876783068324646 4579
2.6719507740052437 12772
2.4876783068324646 16868
1.1730515593193742 4583
1.5187930715398203 16872
1.2332080495408795 8681
1.4722994060845203 8684
2.2197744891735844 12780
1.1542827343702649 4589
1.8498120743113229 495
1.4574276949119507 4591
1.6396061567759461 12783
1.568318932568295 16881
1.6974746093680362 4594
1.4145621744733634 12787
1.3611824697762553 16884
1.5187930715398203 16885
1.8984913394247747 16887
1.2227571338668044 8696
2.1218432617100444 8697
1.1098872445867922 8699
1.7595773389790574 508
1.3873590557334885 4605
1.621183615688574 12797
1.6777365325149174 8703
1.5029723103779473 12799
1.6396061567759461 16896
1.9765115314559287 4610
1.3484611382830198 8708
2.137560619204191 12804
1.568318932568295 8709
2.032187912623708 16901
1.6974746093680362 16904
1.6974746093680362 521
1.6777365325149174 522
1.6396061567759461 4618
1.2227571338668044 12811
1.4722994060845203 526
1.0609216308550222 527
1.32371873207599 528
3.6527934631970407 12816
1.276861431825513 16913
0.9815329373896812 8723
1.2332080495408795 8724
1.3873590557334885 8726
2.0910919100910563 16918
1.5029723103779473 535
1.5349504446413076 12825
1.0687803096020956 16922
1.4145621744733634 16925
1.4574276949119507 8734
1.4722994060845203 4639
1.6974746093680362 16931
1.276861431825513 4645
2.2028296457447807 552
1.4008285611289615 8745
1.5855532065525595 554
1.3873590557334885 12842
1.3873590557334885 557
1.8738356077439349 4653
1.1635914660990567 8749
1.1635914660990567 8751
1.621183615688574 4658
1.487477750477142 12853
1.8738356077439349 16951
1.9498019161659896 8760
2.2197744891735844 570
1.8035667724535394 8762
2.137560619204191 16954
1.8035667724535394 571
1.3359753870026219 8763
0.8537594189129157 575
1.738377612003412 12863
1.8035667724535394 8768
0.955532064876045 12865
1.2124818638343111 579
2.4876783068324646 8773
2.2197744891735844 4679
1.1542827343702649 12871
1.276861431825513 8777
3.2063409288062927 4682
1.5349504446413076 12874
1.1451217602879604 4685
1.3741461123455516 12878
1.1924408412915957 591
1.8035667724535394 592
1.1014148228723903 4688
2.5765239606479153 8786
1.2332080495408795 595
1.487477750477142 12883
1.5187930715398203 16979
2.061219168518331 4693
1.621183615688574 8789
1.568318932568295 4695
1.1361050535140398 12887
1.5514552881320733 4699
1.2023778483023577 609
1.3359753870026219 4707
1.6777365325149174 8805
1.487477750477142 12902
0.9492456697123873 4713
0.9683579986327726 621
1.3741461123455516 17005
1.2227571338668044 623
2.7223649395525107 17012
1.3484611382830198 8821
1.5349504446413076 4730
1.26566089294985 17021
1.3873590557334885 8832
1.6974746093680362 12928
1.0531776773451322 17024
1.3611824697762553 8833
1.276861431825513 17025
1.2882619803239577 12930
1.1272292327834617 17026
1.3873590557334885 8835
1.1924408412915957 645
1.2332080495408795 8838
1.1451217602879604 12938
1.6396061567759461 17035
1.4285677405572572 653
1.8738356077439349 12941
1.5349504446413076 4750
1.9498019161659896 17040
1.5349504446413076 657
1.3741461123455516 661
1.738377612003412 4757
1.6584522045549763 12949
1.1361050535140398 8857
3.242367231377148 4762
1.6974746093680362 12954
1.3359753870026219 12957
1.6396061567759461 670
1.1014148228723903 672
1.1542827343702649 8864
2.4876783068324646 12960
2.9647672971839008 17056
1.738377612003412 8869
1.4574276949119507 12965
2.8571354811145144 4775
1.4008285611289615 680
2.774718111466977 683
1.0233002964275377 684
1.2998679441106566 12972
1.5855532065525595 8878
1.7176826404319387 8879
1.32371873207599 4784
2.2722101070280796 17076
2.3271829321981135 4789
1.5349504446413076 8885
1.5029723103779473 12981
1.3611824697762553 695
1.3359753870026219 4792
1.9238045572837719 8889
1.26566089294985 8891
1.3873590557334885 8892
1.5855532065525595 8894
1.8738356077439349 17088
1.3741461123455516 706
1.1924408412915957 12995
1.9238045572837719 17091
1.6777365325149174 12996
2.186141542367923 12997
1.4008285611289615 12998
2.1218432617100444 17097
1.1924408412915957 13002
1.6777365325149174 717
1.4722994060845203 720
2.1218432617100444 17104
1.5855532065525595 17105
1.4428534179628292 726
1.4008285611289615 17114
1.3873590557334885 8925
1.7176826404319387 735
1.3484611382830198 736
1.1184910216766113 738
1.2882619803239577 4834
1.5349504446413076 739
2.290243520575921 13027
1.6974746093680362 8932
1.1014148228723903 4837
4.863550847065718 745
1.4722994060845203 8937
1.6396061567759461 8940
1.5187930715398203 4847
2.8571354811145144 752
1.0687803096020956 4848
1.3116849254207528 4849
1.568318932568295 13041
1.3741461123455516 8946
1.4428534179628292 13043
1.6396061567759461 17142
1.1361050535140398 8952
1.2332080495408795 17144
1.7595773389790574 17146
1.2227571338668044 17149
1.6974746093680362 767
1.8984913394247747 4864
1.5029723103779473 8960
1.5514552881320733 17152
2.801657122257923 8962
1.1272292327834617 13059
1.487477750477142 17155
1.0531776773451322 13061
1.8738356077439349 774
1.7813005160034912 4870
1.7595773389790574 8967
1.26566089294985 8970
1.2882619803239577 4876
1.2882619803239577 8973
1.3611824697762553 13069
1.4428534179628292 783
1.2124818638343111 784
1.5855532065525595 785
1.2882619803239577 17169
1.9765115314559287 4882
1.4285677405572572 8981
4.891028535467218 4886
1.2124818638343111 4887
1.568318932568295 17177
1.1635914660990567 17179
1.1451217602879604 4892
1.7813005160034912 8993
1.738377612003412 8994
1.6974746093680362 13098
2.4876783068324646 13099
1.4008285611289615 13102
1.2227571338668044 13103
2.5765239606479153 17199
2.4249637276686222 816
1.3116849254207528 818
1.2227571338668044 9011
1.6777365325149174 822
1.5514552881320733 4918
1.0306095842591656 9015
1.32371873207599 13114
1.738377612003412 13119
2.445514267733609 9028
1.4008285611289615 17220
1.621183615688574 9032
1.1635914660990567 13129
1.4574276949119507 17226
1.2227571338668044 13132
1.6777365325149174 17231
1.0233002964275377 13137
2.032187912623708 9047
1.26566089294985 13146
1.9498019161659896 17244
1.276861431825513 861
1.568318932568295 863
1.8263967315985203 9056
1.5187930715398203 9058
1.1826667360351073 9062
1.2998679441106566 13159
1.4722994060845203 17255
2.0910919100910563 13162
1.3116849254207528 9069
1.6031704644031464 13165
1.1014148228723903 878
1.2882619803239577 9072
2.2544584655669233 17265
1.738377612003412 13170
1.5514552881320733 17267
1.5514552881320733 885
1.8263967315985203 17271
2.032187912623708 9080
1.3873590557334885 17272
1.3484611382830198 4986
1.2023778483023577 892
1.5855532065525595 13180
1.5029723103779473 17276
2.8571354811145144 896
1.2998679441106566 4992
1.3116849254207528 898
1.1730515593193742 901
1.4145621744733634 17286
2.1218432617100444 5003
1.2332080495408795 909
1.7595773389790574 13200
1.2438391534162323 17296
1.9238045572837719 914
1.7595773389790574 5016
1.2998679441106566 9113
2.290243520575921 9115
1.016093956311854 924
1.621183615688574 9116
1.2332080495408795 17308
1.4722994060845203 9118
1.2998679441106566 13215
1.9238045572837719 17311
1.5187930715398203 928
1.2227571338668044 9121
1.2227571338668044 930
1.2023778483023577 9122
1.6031704644031464 5028
1.4428534179628292 17316
1.3741461123455516 5029
1.1542827343702649 9125
1.5349504446413076 5030
2.3653334720702146 9126
1.3359753870026219 13222
1.9238045572837719 13223
1.568318932568295 17319
1.5855532065525595 9128
1.8035667724535394 5034
1.084852193957014 9131
1.5349504446413076 17323
1.8498120743113229 942
2.3461031186387484 13230
1.9238045572837719 17326
3.1029105762641467 5039
2.4876783068324646 9135
1.8984913394247747 17327
1.3359753870026219 9136
1.6974746093680362 945
1.568318932568295 5043
1.1924408412915957 17334
1.5187930715398203 951
1.5855532065525595 952
1.6777365325149174 953
2.774718111466977 954
1.2882619803239577 9147
0.9950713227329868 13246
2.153512564123627 5057
1.1924408412915957 964
1.0380240416998772 5062
1.5187930715398203 17350
1.26566089294985 9160
2.3461031186387484 13258
1.2882619803239577 13259
1.1014148228723903 5070
1.0019815402519658 17358
1.738377612003412 975
1.1272292327834617 17359
1.3116849254207528 5074
1.6031704644031464 9171
1.3873590557334885 13267
1.4428534179628292 17363
1.0531776773451322 980
1.1730515593193742 984
1.3741461123455516 988
1.4722994060845203 5085
1.7595773389790574 991
1.276861431825513 992
1.2227571338668044 5092
1.6396061567759461 998
1.5514552881320733 9191
1.0767562820618135 1000
1.5187930715398203 5096
1.5514552881320733 5097
1.2882619803239577 5098
1.6974746093680362 13290
1.3611824697762553 17386
1.2227571338668044 5099
1.5187930715398203 9196
1.1014148228723903 1006
1.2998679441106566 17391
1.9498019161659896 5104
1.8035667724535394 13297
1.3741461123455516 17393
1.4574276949119507 9202
1.621183615688574 9205
1.6777365325149174 1014
1.8263967315985203 5111
2.5765239606479153 17399
1.0609216308550222 9208
1.1635914660990567 13304
1.3873590557334885 5113
1.4722994060845203 17405
1.3741461123455516 5118
1.738377612003412 17406
2.4047556966047154 13311
1.568318932568295 17410
1.1272292327834617 5126
1.4145621744733634 5127
1.5349504446413076 17417
1.6031704644031464 13322
1.8035667724535394 9228
1.0019815402519658 5133
1.016093956311854 1039
1.621183615688574 13328
1.1730515593193742 5138
1.0609216308550222 13330
2.6719507740052437 1043
2.0039630805039317 9236
2.5997358882213133 9237
1.5855532065525595 5142
1.254655146054636 1047
3.069900889282615 17431
1.5349504446413076 17432
1.26566089294985 9244
1.276861431825513 1053
1.487477750477142 5149
1.487477750477142 5150
1.1542827343702649 9247
1.4008285611289615 13344
1.2882619803239577 5155
1.621183615688574 17443
1.621183615688574 13348
3.6527934631970407 13350
1.3116849254207528 17447
3.3949492187360724 1065
1.1730515593193742 17449
1.4428534179628292 5162
1.5349504446413076 13355
2.5997358882213133 17451
1.2227571338668044 1068
1.26566089294985 5166
1.3873590557334885 1071
1.5514552881320733 17455
1.3359753870026219 13360
1.3484611382830198 9265
2.0910919100910563 13366
1.1098872445867922 5176
1.084852193957014 1081
1.6584522045549763 13371
2.974955500954284 13372
2.985213968198961 9277
1.1542827343702649 1087
2.6719507740052437 5183
1.5349504446413076 13375
1.6974746093680362 9280
1.487477750477142 5186
3.242367231377148 13379
1.6396061567759461 17475
3.13663786513659 5190
6.763375396700756 5192
1.1272292327834617 17480
1.4285677405572572 17483
1.4285677405572572 13389
1.5855532065525595 5199
2.2028296457447807 9295
1.568318932568295 13391
1.5349504446413076 17487
1.3741461123455516 5202
1.0306095842591656 9298
1.0609216308550222 5204
1.4428534179628292 5205
1.4428534179628292 13398
1.4008285611289615 9303
0.9749009580829948 13399
1.6396061567759461 9306
1.4145621744733634 17500
3.171106413105119 13405
1.5029723103779473 13406
1.8738356077439349 1119
1.4008285611289615 17504
1.1098872445867922 5218
1.487477750477142 1125
1.0531776773451322 17518
1.621183615688574 1136
1.1924408412915957 9332
1.3873590557334885 17527
2.2028296457447807 13432
2.801657122257923 17528
1.276861431825513 5242
1.2438391534162323 9343
1.4145621744733634 1152
1.6031704644031464 5248
1.7813005160034912 1154
2.0910919100910563 13442
1.0531776773451322 9360
1.0531776773451322 1170
1.5187930715398203 5267
3.0059446207558946 17559
1.5187930715398203 9372
2.9148553898239014 17566
1.3611824697762553 13471
1.1635914660990567 5282
1.2882619803239577 9378
1.4722994060845203 5283
1.568318932568295 1188
1.4285677405572572 9381
1.1098872445867922 5287
1.5029723103779473 5289
1.4285677405572572 9387
1.3116849254207528 1197
1.4428534179628292 17583
1.3741461123455516 5296
1.3873590557334885 17590
1.3359753870026219 5304
1.3116849254207528 5305
3.0375861430796407 13497
1.4428534179628292 9402
1.0609216308550222 9403
2.774718111466977 1212
1.4722994060845203 13500
1.4285677405572572 17596
1.254655146054636 1213
1.3116849254207528 13501
1.6584522045549763 17598
1.26566089294985 17601
1.1451217602879604 17602
1.2124818638343111 5318
1.3741461123455516 9416
1.4574276949119507 9418
1.7813005160034912 1232
1.016093956311854 17616
2.3271829321981135 17618
1.6777365325149174 5331
1.4008285611289615 17619
1.1184910216766113 17620
1.8263967315985203 5335
1.2438391534162323 5336
1.5187930715398203 13530
1.4285677405572572 1243
1.9498019161659896 1244
1.6974746093680362 5340
1.5029723103779473 5341
1.26566089294985 13533
2.032187912623708 5343
1.0380240416998772 5345
1.2124818638343111 9443
1.621183615688574 1254
1.738377612003412 13544
1.4285677405572572 1257
1.9498019161659896 13546
1.738377612003412 1259
1.5187930715398203 5355
1.4008285611289615 5358
1.6031704644031464 9454
1.3359753870026219 9456
1.2998679441106566 13552
1.4722994060845203 5363
1.2438391534162323 13557
3.2792123135518922 17653
1.4428534179628292 17656
1.5349504446413076 13561
1.3484611382830198 9469
1.2023778483023577 5377
1.8738356077439349 9476
1.3484611382830198 5382
1.5514552881320733 9479
1.5855532065525595 17676
1.2882619803239577 17679
1.487477750477142 17680
1.1635914660990567 13585
1.4428534179628292 13589
1.6974746093680362 17685
1.1361050535140398 9494
2.7223649395525107 17687
1.5349504446413076 9497
1.26566089294985 9499
1.4285677405572572 9503
2.1063553546902645 5408
1.2998679441106566 17697
1.3741461123455516 1314
1.3741461123455516 17701
1.8498120743113229 1318
1.6031704644031464 9510
1.5855532065525595 17703
1.9765115314559287 9512
1.3611824697762553 9513
1.621183615688574 1322
1.7813005160034912 13611
1.5349504446413076 1326
1.3873590557334885 1327
1.0089884041698094 5423
1.254655146054636 5431
1.1451217602879604 13623
1.2124818638343111 17720
1.4428534179628292 5433
1.0089884041698094 17722
1.5514552881320733 5435
1.3611824697762553 5437
1.738377612003412 9533
1.6584522045549763 13632
1.254655146054636 5442
1.32371873207599 13634
1.7176826404319387 1347
1.0531776773451322 17731
1.4008285611289615 5447
1.3741461123455516 1354
2.829124348946727 17739
1.8263967315985203 17742
1.5349504446413076 1360
1.8498120743113229 13648
2.7223649395525107 13652
1.6584522045549763 1365
1.4722994060845203 17749
1.6031704644031464 5462
1.2438391534162323 17752
3.0059446207558946 17755
1.26566089294985 1374
1.5514552881320733 5470
2.6719507740052437 9566
1.5029723103779473 13663
2.0039630805039317 17760
1.5349504446413076 17763
1.5187930715398203 5477
2.2544584655669233 5478
1.1542827343702649 9574
1.487477750477142 5480
1.2227571338668044 17769
1.3359753870026219 9579
3.8476091145675437 9581
1.1361050535140398 13678
1.621183615688574 1391
1.5349504446413076 9584
1.3741461123455516 13681
1.2227571338668044 5490
1.3741461123455516 9588
1.3873590557334885 5495
1.8035667724535394 17784
1.3359753870026219 17785
2.829124348946727 5498
1.3741461123455516 5502
2.290243520575921 13694
1.5349504446413076 9599
3.3949492187360724 1408
1.2882619803239577 1409
1.1014148228723903 9601
1.568318932568295 17793
1.1730515593193742 9603
1.5349504446413076 1413
1.3873590557334885 17799
1.084852193957014 13711
1.5187930715398203 13712
1.5349504446413076 9618
1.2227571338668044 17810
1.4285677405572572 5523
3.3169044091099527 17814
1.8738356077439349 1431
1.6584522045549763 13720
2.5997358882213133 5529
1.3359753870026219 9625
1.3611824697762553 13721
1.32371873207599 1434
1.4145621744733634 17819
2.186141542367923 1437
1.1826667360351073 17823
1.2998679441106566 1445
2.0039630805039317 17830
1.5029723103779473 13735
4.891028535467218 9640
1.7176826404319387 9641
1.568318932568295 9642
2.153512564123627 9645
2.509310292109272 13742
1.5029723103779473 1456
1.9238045572837719 5552
1.1014148228723903 13745
1.8738356077439349 17845
1.2023778483023577 1462
1.6974746093680362 9654
1.4285677405572572 17847
1.2227571338668044 5563
1.3116849254207528 17852
1.4722994060845203 17854
1.6777365325149174 1472
1.3484611382830198 17858
1.5187930715398203 1475
1.4574276949119507 5573
1.5514552881320733 1478
1.0233002964275377 1480
1.0019815402519658 5576
1.2124818638343111 13770
1.621183615688574 13771
1.254655146054636 1486
1.9238045572837719 13774
4.508916931133847 17870
1.32371873207599 13775
1.621183615688574 17871
1.6777365325149174 13776
1.0609216308550222 1489
3.242367231377148 5586
1.3873590557334885 1491
1.5349504446413076 17878
2.5765239606479153 1496
1.2124818638343111 9690
1.26566089294985 13788
2.5765239606479153 5597
1.4574276949119507 9694
2.153512564123627 5601
1.7176826404319387 1507
2.3461031186387484 5603
1.4574276949119507 13796
1.5029723103779473 1509
1.1098872445867922 5605
2.137560619204191 1512
1.8984913394247747 13800
1.4145621744733634 17897
1.4428534179628292 17898
1.9765115314559287 1515
2.466416099081759 1519
1.4574276949119507 1520
1.2023778483023577 5616
2.2197744891735844 17904
1.1826667360351073 5619
1.4008285611289615 1524
1.738377612003412 13815
1.3611824697762553 17911
1.084852193957014 1528
2.0910919100910563 1530
1.2023778483023577 9722
1.2023778483023577 17914
1.4008285611289615 1531
1.5349504446413076 5628
4.007926161007863 9725
1.6396061567759461 13821
1.3359753870026219 5630
1.621183615688574 1535
1.0233002964275377 13826
1.4008285611289615 5635
2.153512564123627 9732
1.1924408412915957 9734
1.3116849254207528 1543
1.2998679441106566 5640
1.2332080495408795 9740
5.549436222933954 1549
1.7595773389790574 9742
1.3611824697762553 9744
1.2882619803239577 17938
2.5313217858997 9747
1.4574276949119507 13845
1.4428534179628292 13847
1.4145621744733634 1561
2.829124348946727 5657
2.4876783068324646 9753
0.9619022786418859 13849
1.5855532065525595 1563
1.3741461123455516 5660
2.0039630805039317 9756
1.621183615688574 5661
1.3741461123455516 17950
1.254655146054636 13855
1.3741461123455516 5664
1.6396061567759461 9763
1.32371873207599 13861
1.254655146054636 13864
1.276861431825513 13865
1.1098872445867922 1578
1.0767562820618135 17964
2.032187912623708 1582
0.9619022786418859 5680
1.1924408412915957 5683
2.6719507740052437 1588
3.519154677958115 5684
1.621183615688574 13876
1.4428534179628292 9781
1.1635914660990567 13877
1.3741461123455516 1591
1.2227571338668044 13880
3.9350547762622674 5689
2.6969222765660397 5690
2.829124348946727 9788
2.4047556966047154 13884
1.2998679441106566 5694
2.3271829321981135 9790
1.6396061567759461 9792
1.8498120743113229 17984
1.084852193957014 5702
2.0466005928550755 1607
1.3484611382830198 1608
2.186141542367923 13897
0.9749009580829948 5706
1.738377612003412 17996
2.1218432617100444 5710
1.1361050535140398 9806
1.4428534179628292 13902
1.3611824697762553 5713
1.2438391534162323 9810
1.4285677405572572 9811
1.4574276949119507 13907
1.8984913394247747 5716
1.621183615688574 18004
1.084852193957014 1622
1.6974746093680362 5719
1.2227571338668044 18007
1.2438391534162323 13912
1.0380240416998772 18016
1.2998679441106566 1634
1.4145621744733634 1635
1.4145621744733634 9831
1.7813005160034912 5738
1.9765115314559287 9837
1.3611824697762553 18030
1.3359753870026219 18035
1.2882619803239577 13940
1.1730515593193742 5750
1.1730515593193742 9847
1.1184910216766113 5755
1.276861431825513 1661
1.5349504446413076 13949
3.0059446207558946 9854
1.276861431825513 9856
1.6974746093680362 1665
1.2332080495408795 5761
1.26566089294985 1668
3.8996038323319793 9861
1.5855532065525595 13957
1.4285677405572572 18053
1.3116849254207528 5766
1.5349504446413076 1673
1.0380240416998772 13961
1.4145621744733634 18057
1.1924408412915957 5771
2.3271829321981135 1676
1.084852193957014 9869
2.5313217858997 1679
1.4722994060845203 9871
1.4008285611289615 18063
1.3611824697762553 5777
1.0687803096020956 1685
1.3741461123455516 1689
1.1014148228723903 9881
1.5187930715398203 13977
1.5514552881320733 18074
1.6031704644031464 1691
1.738377612003412 5787
1.1826667360351073 13979
1.568318932568295 18076
1.2438391534162323 5790
1.3873590557334885 13982
1.7813005160034912 1696
1.1635914660990567 5792
1.5187930715398203 5794
1.3873590557334885 13987
1.2227571338668044 9892
2.9148553898239014 5797
1.276861431825513 9897
0.9683579986327726 18089
1.1826667360351073 5803
1.2438391534162323 13995
1.4428534179628292 5804
1.4008285611289615 5805
1.3741461123455516 1712
1.9498019161659896 18099
2.032187912623708 1717
1.6974746093680362 9911
1.254655146054636 18105
1.254655146054636 1722
1.084852193957014 5820
1.0380240416998772 9916
1.3484611382830198 9918
1.568318932568295 9919
1.3741461123455516 1729
1.1635914660990567 18116
1.254655146054636 1733
1.3611824697762553 14021
1.3359753870026219 9929
1.1184910216766113 14025
1.1826667360351073 14028
1.6584522045549763 5839
1.3741461123455516 5840
1.1361050535140398 9936
1.3741461123455516 1747
1.0380240416998772 5843
1.621183615688574 5845
1.2023778483023577 1750
1.1451217602879604 9943
1.6584522045549763 5849
1.6974746093680362 18137
1.6777365325149174 9949
2.0910919100910563 1758
1.1361050535140398 14046
1.4145621744733634 14047
1.6777365325149174 14048
1.2124818638343111 5857
2.6233698508415055 18146
1.2882619803239577 1763
3.0059446207558946 5860
1.0930707711839616 14052
1.6777365325149174 9957
1.0306095842591656 1766
2.4249637276686222 18151
1.3741461123455516 5864
1.5187930715398203 14056
1.3359753870026219 1770
1.3611824697762553 5867
1.2227571338668044 9965
3.171106413105119 5871
0.9882557657279644 5872
1.6396061567759461 14064
1.254655146054636 1777
1.084852193957014 5873
1.5514552881320733 14067
1.6396061567759461 18164
3.7476712154878697 9975
1.3741461123455516 14074
1.1272292327834617 18171
1.5514552881320733 18175
1.5855532065525595 1792
1.9238045572837719 9986
1.276861431825513 18178
1.26566089294985 9989
1.1635914660990567 14089
1.26566089294985 5898
1.1272292327834617 1804
1.5029723103779473 18191
1.2124818638343111 18193
1.2882619803239577 14100
1.7813005160034912 18196
1.6396061567759461 1813
1.1184910216766113 1814
3.171106413105119 18199
1.1542827343702649 14105
1.7176826404319387 18202
2.061219168518331 1819
1.1361050535140398 18207
1.487477750477142 14112
1.3873590557334885 18208
1.5855532065525595 10019
1.2438391534162323 14115
1.1451217602879604 18211
2.6969222765660397 1828
1.621183615688574 5924
0.9815329373896812 5925
1.9765115314559287 14118
1.8035667724535394 10026
1.9765115314559287 18219
3.7476712154878697 18220
1.5855532065525595 10029
1.1730515593193742 14130
1.1014148228723903 18226
1.4145621744733634 5939
2.186141542367923 18228
1.1635914660990567 10038
2.6719507740052437 10040
1.7813005160034912 5946
1.5029723103779473 18237
1.32371873207599 10046
2.032187912623708 1855
1.5514552881320733 1857
1.6974746093680362 10051
1.6396061567759461 1860
1.621183615688574 5957
1.3116849254207528 18245
1.0687803096020956 10055
1.4145621744733634 18248
2.9445988121690405 18249
1.5029723103779473 18250
2.445514267733609 10061
1.6777365325149174 14158
2.2544584655669233 1873
1.8498120743113229 18260
3.3949492187360724 14165
1.487477750477142 14167
2.0466005928550755 14170
2.186141542367923 14171
1.9498019161659896 5980
1.4008285611289615 18268
1.4722994060845203 14174
1.6584522045549763 1888
1.6584522045549763 1889
1.1635914660990567 14177
1.0089884041698094 1891
1.2998679441106566 18279
2.829124348946727 1896
1.3359753870026219 5996
1.2438391534162323 10092
1.0767562820618135 1905
1.1635914660990567 14193
1.5029723103779473 18289
1.0455459550455282 14198
1.26566089294985 6007
1.2882619803239577 14199
1.084852193957014 6008
1.1451217602879604 10106
1.8498120743113229 1916
3.0059446207558946 18300
1.3116849254207528 1918
1.6396061567759461 1920
1.8035667724535394 18305
1.4008285611289615 10114
1.7176826404319387 6019
0.9369178038719674 10115
1.6777365325149174 1928
1.254655146054636 14216
1.4428534179628292 10125
2.1218432617100444 6031
1.487477750477142 1936
2.061219168518331 6033
1.276861431825513 14225
1.5029723103779473 6035
1.4428534179628292 1940
1.2227571338668044 18325
1.5855532065525595 18328
2.2722101070280796 10137
2.153512564123627 14233
1.9498019161659896 10138
1.5029723103779473 14235
1.6777365325149174 18331
1.1730515593193742 10141
1.32371873207599 6047
1.5349504446413076 6048
1.2882619803239577 10144
2.5313217858997 1954
1.5029723103779473 1955
1.0930707711839616 14244
2.153512564123627 1957
1.3359753870026219 18342
1.487477750477142 10151
2.5997358882213133 14249
1.4008285611289615 6058
1.276861431825513 1964
1.5855532065525595 14255
1.2227571338668044 18351
1.1542827343702649 1968
1.2438391534162323 6064
1.4008285611289615 10161
1.3873590557334885 14260
1.1098872445867922 14262
1.1361050535140398 18359
1.2023778483023577 10170
1.1098872445867922 18363
1.3359753870026219 10172
2.153512564123627 14268
2.153512564123627 1982
1.7813005160034912 14270
1.738377612003412 18368
2.0910919100910563 1988
3.069900889282615 6086
1.0930707711839616 18376
1.3359753870026219 6093
1.568318932568295 18386
1.6777365325149174 10195
1.32371873207599 18390
1.254655146054636 14298
1.1635914660990567 2011
3.1029105762641467 14300
1.7813005160034912 10208
1.1635914660990567 14307
1.4722994060845203 18406
3.6071335449070787 10215
1.276861431825513 2024
4.122438337036662 6121
3.5480002081053157 14313
1.487477750477142 2026
1.4145621744733634 10218
1.8984913394247747 14317
1.1924408412915957 6126
1.4145621744733634 10222
1.7813005160034912 18414
1.3359753870026219 2031
1.0687803096020956 14320
1.3873590557334885 10227
1.4008285611289615 18420
1.4428534179628292 2037
2.0910919100910563 18423
3.355473065029835 6137
1.6777365325149174 18425
1.3359753870026219 2043
2.2544584655669233 2046
2.8477370091371674 10239
1.8984913394247747 14335
1.1924408412915957 2053
1.3116849254207528 6149
1.3116849254207528 14343
1.1451217602879604 2056
1.276861431825513 2057
0.9749009580829948 10253
1.2023778483023577 14349
1.3359753870026219 2062
1.5349504446413076 6160
1.2332080495408795 18448
1.2332080495408795 10259
1.254655146054636 2070
1.4285677405572572 6167
1.0767562820618135 14360
1.8498120743113229 6171
1.2998679441106566 2076
1.4574276949119507 14370
1.8035667724535394 6181
1.4145621744733634 2086
1.3359753870026219 18470
1.0687803096020956 2087
1.32371873207599 10280
1.6584522045549763 14376
1.6584522045549763 2095
1.5514552881320733 10288
2.7482922246911032 14384
1.0687803096020956 14386
1.1014148228723903 18483
1.8984913394247747 2100
2.64743746415198 10295
1.3611824697762553 6200
1.8738356077439349 10297
1.6974746093680362 14395
1.5187930715398203 18491
2.801657122257923 6204
2.4249637276686222 18496
1.6974746093680362 10305
1.3116849254207528 14401
1.6031704644031464 2115
1.1272292327834617 10307
1.5029723103779473 2116
1.3873590557334885 18500
1.4285677405572572 6213
2.290243520575921 14405
1.5029723103779473 6217
1.6396061567759461 10313
1.5029723103779473 6220
1.8738356077439349 6222
1.5029723103779473 14414
1.0609216308550222 2129
1.2227571338668044 6225
1.487477750477142 6232
3.242367231377148 14426
1.4285677405572572 14427
1.2124818638343111 18524
1.5855532065525595 18525
1.6974746093680362 18526
2.0039630805039317 18527
1.1730515593193742 14433
1.0609216308550222 6243
1.4285677405572572 14437
1.8984913394247747 10343
1.7813005160034912 10345
2.9148553898239014 14441
1.1924408412915957 18537
1.5855532065525595 2154
1.1635914660990567 6250
1.6974746093680362 18538
1.4428534179628292 18539
1.9765115314559287 18540
1.6777365325149174 6253
1.6584522045549763 2159
1.3116849254207528 14447
1.254655146054636 2161
1.5349504446413076 14449
1.487477750477142 14450
1.568318932568295 10355
1.3484611382830198 10356
1.3359753870026219 18550
0.9882557657279644 18551
1.8263967315985203 18552
1.4285677405572572 14457
1.3741461123455516 10362
1.5514552881320733 2173
1.3484611382830198 10372
1.5855532065525595 2182
1.7595773389790574 14472
1.621183615688574 10378
3.2792123135518922 2189
2.0466005928550755 10382
2.0910919100910563 10384
1.1098872445867922 10386
1.4145621744733634 18578
1.3484611382830198 10388
1.2124818638343111 2197
5.153047921295831 14486
1.4428534179628292 18583
1.9238045572837719 6296
3.4083151605421196 2202
1.8498120743113229 18587
1.6777365325149174 14493
1.0089884041698094 14494
1.5855532065525595 14496
2.290243520575921 18595
1.6974746093680362 2216
1.9498019161659896 18600
1.3611824697762553 10410
1.1184910216766113 18602
1.6777365325149174 10411
1.1361050535140398 2221
1.2882619803239577 10414
1.6584522045549763 14510
1.6584522045549763 18606
1.8035667724535394 6320
2.801657122257923 10418
3.026965212509436 14519
1.7813005160034912 14520
2.0039630805039317 2233
2.0039630805039317 6330
1.6031704644031464 18618
1.4145621744733634 18619
1.621183615688574 10429
1.32371873207599 18621
1.7595773389790574 10431
1.2998679441106566 14530
1.621183615688574 14531
1.2332080495408795 10436
1.3116849254207528 10438
1.4285677405572572 2248
1.487477750477142 10441
1.2332080495408795 18634
1.6584522045549763 6347
1.1542827343702649 10444
1.3116849254207528 14541
1.2227571338668044 18638
1.32371873207599 18640
2.032187912623708 10451
1.32371873207599 14548
2.1218432617100444 2261
1.621183615688574 6359
1.7595773389790574 10456
1.4428534179628292 6361
1.6584522045549763 18649
1.0930707711839616 10458
1.6031704644031464 2268
1.2998679441106566 14556
1.5187930715398203 18653
1.7176826404319387 14560
1.1451217602879604 6372
2.3271829321981135 2277
1.6974746093680362 6373
1.4722994060845203 14566
2.445514267733609 2282
1.9238045572837719 10474
1.2438391534162323 18669
1.7813005160034912 6382
1.7176826404319387 10478
2.0910919100910563 14575
1.26566089294985 18671
3.0375861430796407 6384
1.4008285611289615 10480
3.1029105762641467 10484
1.4145621744733634 18677
1.5514552881320733 18679
1.2438391534162323 2298
1.487477750477142 10491
1.2438391534162323 18683
1.276861431825513 6398
1.4574276949119507 14591
2.801657122257923 18688
1.4574276949119507 10498
1.4145621744733634 2309
1.4145621744733634 14597
1.487477750477142 6406
1.2124818638343111 10502
1.621183615688574 2311
1.3741461123455516 10503
1.5514552881320733 2312
1.32371873207599 14600
1.738377612003412 2313
1.8984913394247747 6410
1.6777365325149174 14603
2.5765239606479153 18701
1.2332080495408795 10513
1.6584522045549763 14610
1.8263967315985203 2323
1.2438391534162323 2325
1.4285677405572572 10517
1.4008285611289615 18713
1.0609216308550222 10525
1.3741461123455516 18718
1.9498019161659896 14623
1.8263967315985203 18720
1.0767562820618135 6436
1.7595773389790574 2341
1.5855532065525595 10534
1.6396061567759461 10535
1.1184910216766113 14632
1.621183615688574 18728
2.153512564123627 2347
1.4145621744733634 10540
1.5349504446413076 10541
1.6396061567759461 10542
1.2332080495408795 14639
2.032187912623708 2353
1.3873590557334885 2357
1.487477750477142 14645
1.3611824697762553 2361
1.4428534179628292 10553
1.1826667360351073 14652
2.2544584655669233 10557
1.1098872445867922 2366
1.487477750477142 2367
1.4428534179628292 6463
1.0380240416998772 14655
1.32371873207599 2369
1.838029831799785 14658
1.6396061567759461 10565
1.8498120743113229 10566
1.5514552881320733 18759
1.4428534179628292 10568
1.6777365325149174 14664
1.5187930715398203 10569
1.8984913394247747 14666
1.568318932568295 18763
1.1826667360351073 10573
1.26566089294985 6478
1.0233002964275377 18769
1.621183615688574 6482
1.3873590557334885 10581
1.3359753870026219 2390
1.1451217602879604 6486
1.7595773389790574 14680
2.0039630805039317 2394
1.2124818638343111 14684
1.6777365325149174 10589
1.6396061567759461 6495
1.4285677405572572 18783
2.3848816825831913 6496
1.5855532065525595 2404
1.3484611382830198 6501
2.8571354811145144 14693
1.8035667724535394 18789
1.4145621744733634 2406
1.7176826404319387 18793
1.487477750477142 2412
1.6396061567759461 6509
1.6974746093680362 10607
1.6974746093680362 14703
2.6233698508415055 2416
1.4145621744733634 6512
1.2438391534162323 6513
1.7176826404319387 10611
3.1029105762641467 18806
1.2998679441106566 14713
1.2998679441106566 14714
2.0039630805039317 18810
1.26566089294985 18811
1.8984913394247747 10624
3.7476712154878697 14721
1.2023778483023577 18820
1.4428534179628292 2437
1.0687803096020956 6533
5.3439015480104874 18821
1.3611824697762553 10630
1.3873590557334885 18822
1.3611824697762553 6537
1.8738356077439349 14729
1.6031704644031464 14733
1.5514552881320733 18831
2.7223649395525107 18833
1.2227571338668044 18835
1.7813005160034912 2452
0.9430414496489098 10646
1.6974746093680362 18839
1.2227571338668044 10649
1.2332080495408795 14746
2.2197744891735844 18843
1.5514552881320733 10654
1.6777365325149174 18847
1.2227571338668044 10658
1.4145621744733634 10659
2.4047556966047154 6565
2.153512564123627 18853
1.2438391534162323 14759
1.4008285611289615 6568
2.8571354811145144 10665
1.5187930715398203 2474
1.3741461123455516 14762
1.4008285611289615 6572
1.3484611382830198 14765
3.2063409288062927 14767
1.3741461123455516 6576
1.6777365325149174 14770
1.4285677405572572 14772
1.2438391534162323 18869
1.3359753870026219 10679
1.5029723103779473 18871
2.2544584655669233 18872
3.4353652808638775 10685
1.254655146054636 18878
2.032187912623708 2496
1.0380240416998772 18881
2.2544584655669233 10690
2.3271829321981135 2499
1.0930707711839616 10691
1.2438391534162323 18883
1.1014148228723903 10692
1.4285677405572572 14788
1.2998679441106566 2501
1.4722994060845203 6598
1.32371873207599 14793
1.0306095842591656 14795
1.8263967315985203 14796
2.0910919100910563 2510
1.621183615688574 6606
1.9238045572837719 14799
1.2227571338668044 18897
1.3741461123455516 2516
1.2227571338668044 10708
2.061219168518331 10709
1.1730515593193742 6616
1.4722994060845203 14811
1.3741461123455516 6624
1.6777365325149174 18913
2.4047556966047154 2534
1.3484611382830198 14822
1.5855532065525595 18918
2.2544584655669233 2536
1.6974746093680362 6634
1.2998679441106566 14827
2.1218432617100444 2541
1.016093956311854 10733
3.242367231377148 18925
1.0609216308550222 6638
1.4285677405572572 14830
1.7595773389790574 2547
1.26566089294985 18931
1.2998679441106566 6647
1.254655146054636 10743
1.4145621744733634 14841
1.2332080495408795 14843
1.6584522045549763 2557
1.32371873207599 14847
1.2227571338668044 18945
1.487477750477142 6658
1.5029723103779473 2564
2.032187912623708 10756
1.3359753870026219 2569
1.2998679441106566 6665
1.6974746093680362 10761
1.3741461123455516 18953
1.4145621744733634 6666
1.3873590557334885 14861
1.4008285611289615 10766
2.3653334720702146 14863
1.621183615688574 2584
1.7813005160034912 10777
1.5029723103779473 10778
2.153512564123627 2587
1.254655146054636 10779
1.9901426454659736 10780
1.1826667360351073 6686
3.1029105762641467 2592
1.1272292327834617 18976
1.2332080495408795 10785
1.487477750477142 14881
1.0609216308550222 6692
1.5855532065525595 14885
1.9498019161659896 14886
1.6031704644031464 10791
1.5514552881320733 18986
1.1272292327834617 18987
1.7595773389790574 6702
1.26566089294985 2607
1.9765115314559287 14897
1.7595773389790574 2610
2.1218432617100444 2611
1.5349504446413076 14899
1.5187930715398203 6708
1.32371873207599 10806
1.568318932568295 2615
1.26566089294985 6711
1.8984913394247747 6712
1.4428534179628292 14904
1.6974746093680362 19000
1.1826667360351073 10810
1.7176826404319387 6715
1.5349504446413076 14909
1.6777365325149174 19009
1.3116849254207528 6725
3.8996038323319793 2631
1.7595773389790574 2633
1.276861431825513 10826
1.2227571338668044 19018
1.5029723103779473 19019
1.3741461123455516 2637
1.5514552881320733 10830
1.8263967315985203 14926
1.4428534179628292 6737
1.7595773389790574 6738
1.6031704644031464 10836
2.6233698508415055 6741
2.032187912623708 19031
1.2882619803239577 10840
1.8984913394247747 14936
1.2332080495408795 19034
1.1826667360351073 6747
2.290243520575921 10843
1.3741461123455516 19037
1.5349504446413076 14945
1.5855532065525595 14948
1.0531776773451322 14949
2.2197744891735844 10855
0.9369178038719674 10856
1.3873590557334885 2668
1.1635914660990567 2669
1.621183615688574 6766
2.1218432617100444 2671
0.9882557657279644 10863
1.276861431825513 19055
1.3116849254207528 14962
1.3741461123455516 14964
1.5514552881320733 14965
2.4876783068324646 6776
1.3741461123455516 19064
1.2882619803239577 10873
1.0930707711839616 14971
1.1826667360351073 19069
1.6974746093680362 2686
1.0531776773451322 19070
1.3741461123455516 2689
1.276861431825513 6785
1.0380240416998772 19073
1.3484611382830198 19075
2.774718111466977 14980
1.1361050535140398 6789
1.568318932568295 14982
1.487477750477142 19080
1.0233002964275377 2697
1.2332080495408795 14985
1.8738356077439349 10890
3.476755224006824 14989
1.5187930715398203 10896
1.1924408412915957 6803
1.0767562820618135 19091
1.5855532065525595 6804
1.4574276949119507 19092
1.254655146054636 14998
1.1451217602879604 14999
1.487477750477142 2712
1.8263967315985203 15000
5.3439015480104874 19096
1.7813005160034912 2714
1.1924408412915957 6811
1.5187930715398203 6812
1.3359753870026219 6814
1.4722994060845203 10912
1.5187930715398203 15009
1.1184910216766113 19107
2.4876783068324646 19109
4.556379214619461 15015
1.621183615688574 2728
1.2438391534162323 2729
1.1730515593193742 2731
1.6031704644031464 2737
1.6396061567759461 15028
1.2023778483023577 10933
1.8035667724535394 15030
2.032187912623708 19127
1.4574276949119507 2744
1.7176826404319387 10939
3.2063409288062927 15036
1.1098872445867922 10943
2.509310292109272 15039
2.0910919100910563 2753
1.3741461123455516 2757
1.4008285611289615 15045
1.26566089294985 19143
1.2023778483023577 2763
1.9498019161659896 10955
1.6584522045549763 15051
2.061219168518331 10957
1.6777365325149174 19149
1.0687803096020956 15054
1.1730515593193742 2768
1.487477750477142 10963
1.5029723103779473 2775
1.0687803096020956 19159
1.6584522045549763 6872
2.0039630805039317 19160
2.8857068359256584 2777
0.9131983657992602 10969
1.4722994060845203 15066
1.7176826404319387 2779
3.6996241486226458 10971
1.568318932568295 10974
1.3116849254207528 15070
1.0930707711839616 6879
3.2792123135518922 19168
1.7813005160034912 2787
1.254655146054636 10980
1.3611824697762553 6886
1.568318932568295 15079
1.4574276949119507 2794
1.4285677405572572 10986
1.4285677405572572 6894
1.8498120743113229 6896
1.8498120743113229 10992
1.4145621744733634 2803
1.3359753870026219 10996
1.5029723103779473 15093
1.3484611382830198 6902
1.1098872445867922 2808
0.9074549798508372 2811
0.9430414496489098 11007
1.5855532065525595 11010
1.3116849254207528 11012
1.1826667360351073 15108
1.5855532065525595 11013
1.6584522045549763 19206
1.26566089294985 6920
1.4008285611289615 15112
1.4145621744733634 15113
1.0930707711839616 15114
1.2023778483023577 2827
1.3741461123455516 2828
1.2998679441106566 6924
1.621183615688574 6925
1.2998679441106566 11021
1.487477750477142 11023
1.6031704644031464 19216
1.1730515593193742 6929
1.3611824697762553 15122
1.9238045572837719 11029
1.6396061567759461 15125
4.756659619657682 2838
1.6031704644031464 11035
1.4428534179628292 19228
1.5349504446413076 15133
1.4428534179628292 2846
1.8984913394247747 11038
1.1272292327834617 6943
1.254655146054636 2855
1.5514552881320733 15143
1.6974746093680362 19240
1.487477750477142 6954
1.7813005160034912 11050
1.4574276949119507 2859
1.8263967315985203 19243
1.084852193957014 2862
1.4145621744733634 11055
1.5855532065525595 11056
2.7223649395525107 15153
1.2882619803239577 19250
2.153512564123627 11059
1.9765115314559287 2870
1.8984913394247747 11068
1.5029723103779473 6975
1.5514552881320733 15168
2.6719507740052437 6978
2.801657122257923 11074
1.4145621744733634 19266
1.6974746093680362 2883
1.3611824697762553 2887
1.7176826404319387 15176
1.1184910216766113 11081
1.3116849254207528 2890
1.1014148228723903 15178
1.2124818638343111 2893
1.26566089294985 2894
1.7176826404319387 6992
1.6777365325149174 6993
1.3116849254207528 11091
1.3611824697762553 15188
1.4285677405572572 11093
1.3359753870026219 6998
1.8498120743113229 7001
1.0687803096020956 15195
1.568318932568295 11100
1.5029723103779473 15196
1.4145621744733634 19293
1.4008285611289615 7006
1.3741461123455516 2913
1.5029723103779473 2915
1.1098872445867922 2921
1.738377612003412 7017
1.1826667360351073 11114
1.1635914660990567 2924
1.5514552881320733 7020
1.4428534179628292 11116
1.1361050535140398 19308
1.5187930715398203 7026
1.4574276949119507 11122
1.5187930715398203 7028
1.4285677405572572 15220
1.2332080495408795 19316
1.084852193957014 11127
1.3484611382830198 7032
1.0767562820618135 15225
1.1730515593193742 2940
1.1451217602879604 2941
2.2197744891735844 19325
1.4008285611289615 15231
1.487477750477142 19329
1.621183615688574 2948
1.1451217602879604 11140
1.621183615688574 15236
1.0380240416998772 7046
0.9683579986327726 11143
2.774718111466977 19335
2.3653334720702146 11144
1.0609216308550222 19336
1.32371873207599 7050
1.621183615688574 19338
1.276861431825513 7051
2.445514267733609 2961
1.1924408412915957 7057
1.254655146054636 11153
1.3359753870026219 19347
1.3741461123455516 15252
1.6777365325149174 11160
1.738377612003412 7065
1.4285677405572572 7068
1.3873590557334885 19356
1.7813005160034912 15261
3.519154677958115 11166
2.64743746415198 2977
1.32371873207599 7073
1.1924408412915957 19363
1.5349504446413076 15271
1.3359753870026219 19367
1.8035667724535394 11180
1.6584522045549763 11182
1.4285677405572572 15279
1.4428534179628292 19376
1.8498120743113229 2996
1.5349504446413076 11189
1.8035667724535394 15288
1.487477750477142 7098
1.1361050535140398 19387
1.4574276949119507 3005
1.1635914660990567 11197
1.4574276949119507 7102
0.9308731728792442 7103
1.9498019161659896 3008
1.487477750477142 15297
1.1451217602879604 11205
2.9445988121690405 11206
1.9238045572837719 15302
1.8263967315985203 3016
1.6584522045549763 15305
0.9683579986327726 11212
1.2023778483023577 15308
1.4722994060845203 11213
1.2438391534162323 15309
2.153512564123627 7119
2.2544584655669233 15311
1.6584522045549763 3024
1.3359753870026219 3025
1.4722994060845203 7121
1.5514552881320733 15317
1.5855532065525595 19417
2.3653334720702146 11226
1.9238045572837719 15322
2.2197744891735844 7132
1.6974746093680362 15326
1.4145621744733634 19422
1.3116849254207528 11231
1.1924408412915957 15329
1.8263967315985203 7138
1.0019815402519658 15330
1.6584522045549763 19430
2.7223649395525107 3050
1.0687803096020956 3053
1.568318932568295 7150
1.276861431825513 11249
2.9445988121690405 3060
2.061219168518331 7156
1.4008285611289615 3063
1.1635914660990567 11255
1.4428534179628292 15353
1.0930707711839616 3066
1.6974746093680362 15355
1.1272292327834617 19453
1.2998679441106566 11262
1.3484611382830198 3071
1.0687803096020956 7167
0.8961822471818826 3074
2.061219168518331 7170
1.1730515593193742 19458
1.254655146054636 3075
1.2438391534162323 7172
1.2438391534162323 19467
2.8857068359256584 11276
1.568318932568295 15373
1.7176826404319387 19471
1.276861431825513 11280
1.568318932568295 3089
1.3359753870026219 15379
1.7813005160034912 3092
1.1635914660990567 19476
1.3873590557334885 11285
1.3873590557334885 15382
1.1730515593193742 7191
1.3611824697762553 15384
1.3611824697762553 3097
1.7595773389790574 3101
1.6777365325149174 7200
1.8035667724535394 11296
1.4574276949119507 11297
1.7813005160034912 15395
1.8035667724535394 19491
1.5855532065525595 3108
3.171106413105119 15397
3.254556581871046 3110
1.3741461123455516 3113
1.1826667360351073 7210
1.3116849254207528 11306
1.276861431825513 15402
1.5514552881320733 7212
1.2882619803239577 11310
5.0626435717994 19502
1.3116849254207528 15409
1.5855532065525595 11317
2.2197744891735844 3128
0.9308731728792442 3132
1.32371873207599 15422
1.2998679441106566 15423
1.2438391534162323 15426
1.2332080495408795 3142
1.1542827343702649 11335
2.3461031186387484 15431
1.8498120743113229 7241
3.0059446207558946 7243
2.2544584655669233 15435
1.5349504446413076 19531
1.3873590557334885 3149
1.1272292327834617 15437
1.1361050535140398 3150
1.6974746093680362 19540
1.6584522045549763 3157
1.4428534179628292 7253
1.4574276949119507 7263
1.3484611382830198 3172
1.3741461123455516 19557
1.6777365325149174 15462
1.0687803096020956 7271
1.568318932568295 11369
1.4285677405572572 11375
1.254655146054636 7281
0.9950713227329868 3186
1.276861431825513 7282
1.3611824697762553 11378
1.5349504446413076 3188
1.254655146054636 19577
1.2023778483023577 15485
2.553722863651026 7294
1.2227571338668044 3199
1.1014148228723903 19583
1.1826667360351073 3200
1.1272292327834617 19584
1.1451217602879604 7297
1.6974746093680362 7298
1.32371873207599 11395
1.3359753870026219 7301
1.4285677405572572 7304
1.8035667724535394 3211
1.1635914660990567 7309
1.4574276949119507 11405
3.6996241486226458 3214
1.0609216308550222 7310
2.290243520575921 15503
1.3873590557334885 19599
1.7176826404319387 3216
1.4145621744733634 7314
1.738377612003412 11410
1.8738356077439349 19605
1.6396061567759461 3222
1.1272292327834617 15511
1.3359753870026219 3226
1.7813005160034912 11418
1.3484611382830198 3227
1.8984913394247747 11419
1.4008285611289615 15515
1.621183615688574 7325
1.0687803096020956 11421
1.6777365325149174 19613
1.3611824697762553 11422
1.2023778483023577 15518
1.0930707711839616 3232
1.6974746093680362 11424
1.9765115314559287 3233
2.032187912623708 11427
2.4876783068324646 15523
1.7813005160034912 11431
1.5187930715398203 19623
1.8035667724535394 3240
1.5349504446413076 11432
0.9683579986327726 11435
1.5029723103779473 7342
1.7176826404319387 15535
1.2438391534162323 3249
1.1635914660990567 3251
1.2998679441106566 15540
1.254655146054636 19640
1.1272292327834617 15547
1.1635914660990567 11454
1.32371873207599 7360
1.8263967315985203 7361
4.604851333923918 15553
1.9238045572837719 19649
2.1218432617100444 15554
1.0767562820618135 11459
1.5187930715398203 15558
1.4285677405572572 11463
1.1924408412915957 3273
1.5187930715398203 15561
1.621183615688574 19658
1.8984913394247747 11467
2.186141542367923 3276
2.2197744891735844 11468
2.5997358882213133 3277
2.0466005928550755 11473
1.8984913394247747 3282
3.2063409288062927 11477
1.4145621744733634 3286
1.1924408412915957 3287
1.276861431825513 15575
1.254655146054636 3289
1.3484611382830198 19676
1.8498120743113229 15582
1.2332080495408795 7391
1.2438391534162323 11487
1.276861431825513 19679
3.13663786513659 11488
1.9238045572837719 19680
1.0455459550455282 19681
3.13663786513659 3298
2.0910919100910563 19682
1.621183615688574 15587
1.1184910216766113 3300
1.7813005160034912 7396
1.9630658747793623 3304
3.242367231377148 11498
1.3611824697762553 11501
1.1272292327834617 19693
2.3653334720702146 3311
1.2998679441106566 11506
1.3611824697762553 3317
1.4428534179628292 3324
1.32371873207599 15612
1.2998679441106566 3325
1.32371873207599 11520
1.9765115314559287 11521
2.061219168518331 11523
1.4722994060845203 7429
1.4145621744733634 3334
1.276861431825513 15623
1.2998679441106566 15625
1.6974746093680362 19726
1.5514552881320733 11536
1.1542827343702649 3346
1.5349504446413076 19734
1.568318932568295 11543
1.2227571338668044 15639
1.3116849254207528 15642
1.2124818638343111 19738
1.2227571338668044 19739
1.3359753870026219 15645
1.1361050535140398 7454
3.13663786513659 7455
1.0233002964275377 7456
2.5313217858997 15648
1.254655146054636 11556
1.2227571338668044 15655
1.738377612003412 11560
1.4285677405572572 7466
1.0380240416998772 3371
1.254655146054636 19758
1.6396061567759461 11567
1.568318932568295 15663
3.0059446207558946 11572
1.3873590557334885 19764
1.0609216308550222 11574
1.9238045572837719 7479
1.2438391534162323 7480
1.5349504446413076 7484
2.2197744891735844 11581
1.26566089294985 3390
3.7969826788495493 15678
1.6396061567759461 3392
1.7595773389790574 11584
1.6031704644031464 7490
1.4285677405572572 3396
1.1826667360351073 7492
1.3873590557334885 19780
1.8498120743113229 19781
1.4285677405572572 3399
1.084852193957014 3403
1.2332080495408795 15693
1.5187930715398203 19789
1.621183615688574 7503
2.7223649395525107 11599
1.4722994060845203 7508
1.276861431825513 15702
1.6777365325149174 7511
1.738377612003412 11614
1.2882619803239577 3424
1.2438391534162323 19808
1.4722994060845203 15714
1.9498019161659896 7524
1.254655146054636 19813
1.3741461123455516 11625
1.738377612003412 19817
1.3873590557334885 15722
1.32371873207599 19820
1.4722994060845203 7533
1.254655146054636 19826
0.9430414496489098 11636
1.0089884041698094 7545
1.4145621744733634 15737
2.64743746415198 19833
1.8738356077439349 7546
1.6396061567759461 3451
1.0380240416998772 19835
1.8035667724535394 3452
3.2063409288062927 7549
1.2124818638343111 7552
1.738377612003412 3458
1.0767562820618135 3459
1.5349504446413076 7555
2.2197744891735844 11655
1.6777365325149174 3465
1.6396061567759461 19849
1.7176826404319387 11658
1.4145621744733634 19851
1.2998679441106566 11662
1.4428534179628292 7568
2.2197744891735844 19856
1.32371873207599 3473
1.0306095842591656 7569
4.730666944140429 11669
1.487477750477142 3480
1.7813005160034912 7578
1.4008285611289615 3483
1.3611824697762553 11677
1.0089884041698094 11682
3.069900889282615 15779
1.8498120743113229 3493
1.4145621744733634 7591
1.5855532065525595 15784
3.6071335449070787 15786
1.5349504446413076 7597
1.8498120743113229 3503
1.2023778483023577 7599
1.5855532065525595 11696
1.3484611382830198 15792
1.1924408412915957 11697
2.5997358882213133 3509
1.6396061567759461 19893
1.621183615688574 3510
2.6719507740052437 19895
1.4722994060845203 7609
1.32371873207599 7610
0.8244876674073308 19898
2.2544584655669233 11707
1.487477750477142 15804
2.509310292109272 15805
1.26566089294985 7614
1.8984913394247747 7615
2.4047556966047154 19903
1.6777365325149174 19911
1.738377612003412 7625
1.3484611382830198 11721
1.2023778483023577 19913
1.2998679441106566 11723
1.4008285611289615 3533
1.5029723103779473 11726
1.4285677405572572 15823
1.2998679441106566 11729
1.6031704644031464 19921
1.5855532065525595 3538
1.6974746093680362 11731
1.2998679441106566 3541
1.32371873207599 3545
2.466416099081759 15833
1.9498019161659896 19931
1.5349504446413076 19932
1.5855532065525595 15837
3.1029105762641467 19933
1.5187930715398203 15838
1.5029723103779473 3551
1.0531776773451322 19935
1.7813005160034912 3552
1.1826667360351073 7648
1.7813005160034912 7649
1.6974746093680362 15843
1.7813005160034912 11748
0.8797886694895287 15844
1.4145621744733634 19941
1.7595773389790574 15846
1.6031704644031464 15847
1.3741461123455516 19945
1.738377612003412 7658
1.6396061567759461 7660
1.4574276949119507 11756
1.3873590557334885 3566
1.7813005160034912 7662
1.2124818638343111 15856
1.3741461123455516 3570
1.9238045572837719 15858
1.3359753870026219 19954
1.3484611382830198 11769
1.5855532065525595 7674
1.3116849254207528 11777
1.3741461123455516 3587
0.9882557657279644 7688
1.4008285611289615 15880
1.4008285611289615 11785
1.0930707711839616 19981
2.5765239606479153 3598
1.3741461123455516 11790
1.3484611382830198 11792
1.1635914660990567 15893
1.276861431825513 3606
1.487477750477142 15894
2.0910919100910563 19990
2.2197744891735844 7703
1.4008285611289615 15895
1.7595773389790574 7706
1.6396061567759461 11804
1.2227571338668044 7709
1.5855532065525595 15901
1.5855532065525595 3614
1.4722994060845203 7711
2.3271829321981135 7712
1.3873590557334885 3618
1.4722994060845203 3621
1.4285677405572572 15910
1.2124818638343111 7719
2.1063553546902645 15912
1.4574276949119507 15913
1.4145621744733634 11818
1.0930707711839616 15914
1.568318932568295 3630
1.32371873207599 11823
1.2227571338668044 7730
1.254655146054636 11831
1.5187930715398203 15927
1.3611824697762553 7739
2.4047556966047154 3644
1.5187930715398203 7740
2.061219168518331 15935
2.3653334720702146 7746
1.5349504446413076 3654
2.445514267733609 7750
1.1098872445867922 15943
1.4285677405572572 15944
1.7813005160034912 7754
4.162077167200469 11852
2.186141542367923 7758
1.3116849254207528 15951
1.6031704644031464 11856
1.621183615688574 15952
1.3116849254207528 7761
1.1730515593193742 7762
1.8263967315985203 11860
1.3359753870026219 15957
1.7813005160034912 3673
1.8035667724535394 15961
1.2998679441106566 7772
1.6031704644031464 11868
1.1924408412915957 15965
1.568318932568295 15966
1.26566089294985 3684
1.7176826404319387 11876
1.3741461123455516 7781
1.7176826404319387 7782
1.016093956311854 7783
1.8498120743113229 11879
1.7176826404319387 7784
1.254655146054636 7785
1.6396061567759461 11881
1.4722994060845203 15977
1.1014148228723903 3693
1.2882619803239577 7791
2.290243520575921 15985
1.3116849254207528 7796
1.276861431825513 7798
2.1218432617100444 11895
1.0455459550455282 15992
1.8263967315985203 7802
1.1542827343702649 11902
1.621183615688574 3711
2.153512564123627 11903
1.2227571338668044 15999
1.5029723103779473 3712
1.26566089294985 7808
2.774718111466977 16000
1.3873590557334885 3714
1.3873590557334885 7813
1.8984913394247747 7819
1.2227571338668044 16011
1.254655146054636 7820
1.5514552881320733 16012
1.487477750477142 16014
1.6396061567759461 16018
1.6777365325149174 7831
1.6584522045549763 11927
1.1014148228723903 7833
2.2028296457447807 16027
1.5349504446413076 11935
1.4574276949119507 11940
1.3611824697762553 11942
2.9445988121690405 3751
1.4145621744733634 16040
1.4574276949119507 3757
1.1014148228723903 7857
0.955532064876045 7861
1.0531776773451322 11957
1.1826667360351073 11959
1.6584522045549763 3774
1.3116849254207528 7870
1.3359753870026219 7872
1.7595773389790574 3777
1.3741461123455516 3778
1.6974746093680362 11974
2.2028296457447807 11976
1.621183615688574 16072
1.2998679441106566 11981
1.4428534179628292 7886
1.7176826404319387 16079
1.5029723103779473 16080
1.5187930715398203 3793
1.1635914660990567 11985
1.6584522045549763 3798
1.5855532065525595 11992
1.1635914660990567 7897
1.276861431825513 16089
1.6396061567759461 12000
1.26566089294985 7906
1.2438391534162323 3811
1.2332080495408795 7909
1.5187930715398203 3814
1.3484611382830198 12009
1.5029723103779473 3821
2.290243520575921 7920
1.9498019161659896 12016
2.1063553546902645 16114
3.0059446207558946 7925
1.5029723103779473 16118
2.445514267733609 7929
1.9238045572837719 12025
1.3873590557334885 7930
1.6396061567759461 16123
1.5855532065525595 3836
2.032187912623708 7938
1.4145621744733634 16130
1.0306095842591656 12038
1.7813005160034912 7944
1.1014148228723903 12044
1.3359753870026219 3855
1.621183615688574 16145
3.8476091145675437 7954
1.9238045572837719 12050
2.153512564123627 7955
1.1272292327834617 16148
1.0687803096020956 12055
1.621183615688574 7960
1.254655146054636 12058
1.9238045572837719 12059
3.3949492187360724 7964
1.0531776773451322 3869
0.9882557657279644 12062
1.1730515593193742 7969
1.5514552881320733 16161
1.5187930715398203 16162
1.2998679441106566 16164
1.4285677405572572 3877
5.092423828104108 16165
1.1184910216766113 16166
1.32371873207599 3881
1.4428534179628292 3882
1.1924408412915957 7981
1.32371873207599 7984
0.9749009580829948 7985
1.487477750477142 3890
0.9950713227329868 7987
1.2998679441106566 3892
6.65932346752076 3896
1.6777365325149174 16184
1.8984913394247747 16185
1.9238045572837719 3898
1.5029723103779473 12091
2.6969222765660397 7999
1.6777365325149174 12096
1.1635914660990567 8002
2.4047556966047154 12100
1.487477750477142 3911
1.568318932568295 8007
1.487477750477142 3912
1.4722994060845203 16200
4.891028535467218 3914 
1.2124818638343111 16203
1.8498120743113229 8012
1.2998679441106566 3919
1.5514552881320733 16209
1.3873590557334885 12114
1.5349504446413076 8021
1.8738356077439349 3926
1.2227571338668044 8023
1.2332080495408795 12121
1.6396061567759461 8027
1.8738356077439349 8029
3.355473065029835 3935
1.2998679441106566 16223
1.4722994060845203 16224
1.738377612003412 8034
1.3741461123455516 12132
2.153512564123627 3941
1.2882619803239577 12133
1.1361050535140398 8041
1.5514552881320733 16236
1.3873590557334885 3950
1.4145621744733634 3952
1.5029723103779473 16240
1.3359753870026219 3954
1.4428534179628292 8050
1.0687803096020956 3960
1.8035667724535394 8056
1.1635914660990567 12154
2.8857068359256584 8059
1.6974746093680362 16254
1.8035667724535394 3970
1.4428534179628292 3971
1.6031704644031464 3972
1.5029723103779473 12168
1.3741461123455516 8075
1.9238045572837719 3981
1.487477750477142 16269
1.4574276949119507 12177
1.1730515593193742 12178
1.2998679441106566 3989
1.7813005160034912 8087
1.4574276949119507 3997
1.621183615688574 8096
1.1014148228723903 4002
1.254655146054636 4003
1.4428534179628292 16291
1.276861431825513 8100
1.1924408412915957 16295
2.3653334720702146 16297
1.6396061567759461 8106
1.1184910216766113 16298
1.1730515593193742 12204
1.5349504446413076 12213
1.4008285611289615 8122
1.084852193957014 4030
1.8738356077439349 16318
1.8035667724535394 4040
0.9749009580829948 4041
1.7813005160034912 12237
1.5514552881320733 8145
1.2438391534162323 4051
1.8035667724535394 8147
1.5029723103779473 8149
1.738377612003412 12246
1.6396061567759461 8154
2.6969222765660397 8155
1.7595773389790574 8159
1.6584522045549763 8160
1.5514552881320733 12258
1.1272292327834617 4068
0.8906502580017456 12260
1.2332080495408795 16357
1.6974746093680362 12265
0.9619022786418859 12267
1.32371873207599 4076
1.8035667724535394 16366
1.6031704644031464 12271
1.4145621744733634 4080
1.5187930715398203 8177
1.1924408412915957 12273
1.2124818638343111 12276
1.2882619803239577 8182
1.621183615688574 4089
1.6974746093680362 12282
2.061219168518331 8188
1.0455459550455282 12287
